10500 0.5577881089448017 -0.0800294803905188 0.9551011740238132
11000 0.4997535790935574 0.3384925962692823 0.6906769418322105
11500 0.3863210246050844 0.0861493937402441 0.4053499565030766
12000 0.4621228938683982 -0.0178708103282484 0.5735921428867180
12500 0.5217136126502555 0.1626841815439079 1.0077101477605444
13000 0.3764516253687437 0.0396366753321738 0.3626066099807416
13500 0.4290922961115812 -0.0588242633115872 0.5722830154123206
14000 0.4428102208750657 -0.0826462946173968 0.5651121695485934
14500 0.5076115867847285 -0.0438525412979732 0.7294987226691910
15000 0.4983120775820151 -0.0393239534801230 0.8188038831324791
15500 0.4715534460554934 0.1315999975498719 0.6977751160046983
16000 0.4639099820812243 -0.1105310663662128 0.7202258816042256
16500 0.5077575810768503 0.3254828597781194 0.7102823654073949
17000 0.5930640952428868 -0.1738447759469007 1.2433219641620064
17500 0.4897044674801840 0.0232805717791212 0.7452541902645465
18000 0.5178907485604877 -0.0867118599076419 0.6980556938218253
18500 0.5137559505364702 0.0267690567981285 0.6780519584342405
19000 0.3724924032834417 -0.0287694696596994 0.4185172028264748
19500 0.4212391870926547 -0.0266542302302404 0.6296718684624610
20000 0.6620355395988554 -0.1384810805378357 1.2489762328722385
20500 0.4641655818819900 -0.1276103396468755 0.6318973757786509
21000 0.5602875321235142 0.1687686065157228 0.9828527891412822
21500 0.5690252310010592 0.2566755026437370 0.9008903796482407
22000 0.5094684983561795 -0.1239894866480180 0.7174493091700779
22500 0.4267247858551477 -0.2100710941693159 0.5664508700667527
23000 0.4429184725096003 0.1591007050553819 0.5567897999080850
23500 0.5300481603107285 -0.0274914867710618 0.8783621309865017
24000 0.5170793120404241 -0.0267504826472475 0.7147596202630631
24500 0.5101333416765492 0.0731361227829223 0.7685999429184345
25000 0.5236936484962393 0.1619573992537504 0.7775932300910882
25500 0.4149787281796342 -0.0524252340944529 0.5626147780359434
26000 0.5063138254840910 0.0764089250575208 0.7939289219070905
26500 0.4597268529147413 -0.0326378538555362 0.5883411063112171
27000 0.4924369401508428 -0.1294022322244634 0.8403670463444076
27500 0.4537222950905409 0.2256001233602247 0.6437111748600660
28000 0.4770143708708750 -0.2610051254327803 0.7342496457116577
28500 0.4171622822008735 -0.0298182211530509 0.4707051705121135
29000 0.4468300772608783 0.0460807903533204 0.5314475092646991
29500 0.4900176902623304 0.2959660655472310 0.7006088464146505
30000 0.5486208052492441 0.1220635764137176 0.7758857395295461
30500 0.4794600937682248 -0.0531545711910846 0.7411676405439084
31000 0.5199182811030829 -0.0783151341142473 0.7193887678581540
31500 0.4358687628578127 -0.1048309570764165 0.5136799531596636
32000 0.5773040191253497 -0.2012257355432300 1.0538068478321694
32500 0.4334110349440259 0.0940286888763938 0.6276108350470886
33000 0.5657217864346487 -0.2548885311803050 0.9135434276818860
33500 0.5167995064966321 0.1588725570214872 0.6936105853135767
34000 0.3497840422090597 -0.0733682132615120 0.3618055940766735
34500 0.6253114874893125 -0.2114164201781263 1.4108168596160766
35000 0.4370143794552340 -0.0836868242828359 0.5637311294607218
35500 0.5615467130678767 0.2752903397242453 1.1317165045852076
36000 0.5710990055238068 0.0900906527324202 0.8704002270756698
36500 0.5500142700220886 0.0526256563963841 0.8195919767548350
37000 0.5167876611907398 -0.1777949482058536 0.7649596457189305
37500 0.5150629050935551 -0.2150596224531846 0.8775995101370393
38000 0.5549617297679119 -0.2739599167921953 0.9503886011022993
38500 0.4821280404000790 -0.1590612221462338 0.5983484990220782
39000 0.4422483769206802 0.2613486892992355 0.6953192023015213
39500 0.4745528244920262 -0.1236098457318626 0.6872154663001049
40000 0.4500151656378358 0.1651366368516166 0.5473765789090078
40500 0.4503211826180305 -0.0569604311029541 0.5125651145021080
41000 0.4296350446413526 0.0197346004777820 0.5200608517922869
41500 0.5310603477890943 0.0918143756715573 0.7401964396565840
42000 0.5388970955166763 0.0823430186143243 0.8456643441305676
42500 0.4439352197823954 0.0815441615209702 0.5921687513352636
43000 0.5679988529542538 -0.1177131314219396 0.9222624133051645
43500 0.4561514341089608 -0.0923014434084403 0.5793244584893372
44000 0.6494707946782077 -0.0823446587245369 1.1956544718202051
44500 0.5204833115426277 0.0854801639752754 0.9129589096795854
45000 0.5200394616477595 -0.2544638948471448 0.8234090418517294
45500 0.4068452618689680 0.0589810676036985 0.4727009322738908
46000 0.5007897177033775 -0.0583474438498743 0.6725096299237986
46500 0.5474234836772885 0.2541937232858305 0.8400419536359480
47000 0.5383751692112442 -0.2368703988620999 0.8968073017111493
47500 0.5912783781116324 -0.3980815052989643 0.8830468478113442
48000 0.4471523904123786 0.1325161519484523 0.4906473315885574
48500 0.4846892935378757 0.0894079830443964 0.6536845158120883
49000 0.5005504318249527 -0.0647618603468408 0.6821356138922962
49500 0.5253339390553186 -0.2334179380809078 0.7323021946616322
50000 0.5571362274721025 -0.2186649216311481 0.8540081882841004
50500 0.5085742260473136 -0.0494553166639988 0.7152024002522485
51000 0.4866661487489544 0.0913693691802524 0.6479282469152727
51500 0.4372141846681561 0.1295466489839834 0.5750030245043526
52000 0.4963826122122055 -0.2968883630605161 0.6845471414096156
52500 0.4916527503759033 0.1011932952575811 0.7413211775141710
53000 0.5218082401335806 -0.1359555058033968 0.7092492455148924
53500 0.4809086528147794 -0.1460415310461207 0.6671949466670591
54000 0.5003000902413658 0.0244849335030295 0.6680085631002902
54500 0.4232428606535409 0.1090023315986654 0.4844069783269745
55000 0.4113097467049551 0.1265977742194575 0.5329866233708350
55500 0.6857375649540078 0.0863629112890972 1.2857532786279264
56000 0.5124738973625923 0.1512522378511218 0.7624922362027445
56500 0.4661142276154601 0.0562631412040204 0.6196410814822646
57000 0.3809826434899858 0.1520724960707912 0.4887113494560655
57500 0.4786671107883814 -0.3302219395130315 0.7091838392361223
58000 0.5535929888189364 -0.3834537933800828 0.8720499378322961
58500 0.5305425126158733 0.1070125373571548 0.8900518970152207
59000 0.5538439944399961 -0.1783833796511853 1.0206268925067257
59500 0.5507409206097253 -0.3354491242994107 0.8070165680161036
60000 0.4253058847442809 -0.2449004830347321 0.6383426983869860
60500 0.5232924620043078 0.0435296230037651 0.6689717806060080
61000 0.4664690217280202 0.1099109914701715 0.7295676277803712
61500 0.4342302977746368 0.0957847606208594 0.5357853331428649
62000 0.4532986107050165 -0.0150571637916818 0.5792692545929413
62500 0.4141485026584855 -0.0325297810988299 0.5315346416098978
63000 0.5022126691095484 -0.2332699307642368 0.8710419030727228
63500 0.6450114323760464 0.1281363051789232 1.0649683823765477
64000 0.5492622351768898 -0.4341111876805812 0.8073516711810558
64500 0.5402943594135179 0.0010896270004942 0.7505848989036547
65000 0.4714057242922430 -0.0613977518926949 0.6395112337666901
65500 0.5472392795777000 -0.1999769752809926 1.0012938332527630
66000 0.4786900114705248 -0.1217526233940911 0.6585902777837238
66500 0.4236369778728060 0.2298479856485211 0.5883451066560133
67000 0.5216394737362782 -0.0197100411323828 0.7754226289313493
67500 0.3817107584756277 -0.0888029128663973 0.3820972413908174
68000 0.5039472351930442 -0.0131544672495848 0.6657084559310601
68500 0.4932286504985137 0.0740747178826062 0.8733722019072461
69000 0.4028463921827747 0.1665583508960105 0.4698808691550058
69500 0.5407902618562496 -0.2115380704233922 0.9714380899489060
70000 0.4787788953824546 -0.0347701470356038 0.6410217239687737
70500 0.6220406070037982 -0.1838658443422417 1.0707188413939976
71000 0.4722711247473812 0.0806284877208121 0.6004034987760610
71500 0.4047682177934550 -0.0888081227664995 0.4483640689379771
72000 0.4898821293715057 0.0370856101443567 0.6966707381227382
72500 0.5029667432622462 -0.0170232969290067 0.7743884659548853
73000 0.3663928231628145 0.0105884719981079 0.4383461435743412
73500 0.4341599408996492 -0.0898346244000192 0.5227892569217376
74000 0.4164472562226321 0.0895150433819757 0.5524226111190691
74500 0.5223730881794324 -0.0054732339942903 0.7710156761778414
75000 0.5212425622165583 -0.2663070654660007 0.8209955323016154
75500 0.4565460104742650 0.1269396259501827 0.6186720556692771
76000 0.4090468017430382 0.1327728071103670 0.4811592188121667
76500 0.5758995319992070 0.2391659747763256 0.8316031035219966
77000 0.6510106419048397 -0.2034487670863162 1.1896694950548499
77500 0.3516605408281160 -0.0907230488988134 0.3278564761810325
78000 0.5556105559546911 -0.0093531717743207 0.8529811204435656
78500 0.5011640794778953 -0.1281879369785992 0.7271859102911102
79000 0.7027746032583004 0.4743146297026338 1.4159370193332628
79500 0.4847961430363981 0.2076962544218713 0.6455020352887506
80000 0.4771671764903093 -0.0168526383505907 0.6503474173463641
80500 0.4541801487237032 -0.0312766817621003 0.6259427660183761
81000 0.3738182279830531 0.1425806660241721 0.4599910782849694
81500 0.4029076172057934 -0.1225070812331223 0.4101735532600738
82000 0.6043216765166841 -0.0148406881628882 1.0284605711586920
82500 0.3970810376357626 -0.1989546305035289 0.4665832821964367
83000 0.4551958092739889 -0.1443449725159506 0.6227497503523649
83500 0.4498349045371806 0.0766350812530894 0.5488637556531757
84000 0.5058552059511290 0.0469628091254851 0.6831486240143358
84500 0.4805443475254237 -0.0331696365509888 0.5684249351560385
85000 0.4256757210950258 -0.2624327235037640 0.6114787313950134
85500 0.4382947035943621 -0.2434932295764942 0.6021103813646306
86000 0.4622090245479751 0.0488593685251134 0.5761976686803267
86500 0.5807276126399414 0.1537865262116375 1.0181886105980134
87000 0.4664209999581111 0.0877717822276013 0.8332544842677092
87500 0.4663752686252190 -0.2107087933153644 0.8759482256402299
88000 0.5899201593581551 -0.0773903095298308 1.0786132937278772
88500 0.4963273050863918 0.0211163065363279 0.8392778508942916
89000 0.4663608872012294 -0.2004666447724056 0.6716150549639721
89500 0.5663990289460343 -0.3268656824265913 1.0035650086278523
90000 0.4110079274579607 0.1249998738895861 0.5201565546573977
90500 0.4409259482484243 0.0497474954255705 0.6142667641385678
91000 0.4203745816100547 -0.0558703174961922 0.6713743349389846
91500 0.4216803275083022 -0.0487216780329272 0.5127102387249456
92000 0.4351179682784963 0.0495329047364270 0.5790309418488609
92500 0.6612364388196029 0.5375775496468150 1.2388398878299425
93000 0.4293145373613313 -0.0483685537395617 0.5823313704499639
93500 0.4543240048865810 -0.1641366712611625 0.6408229519512162
94000 0.5242945024830676 0.0178814524880230 0.7142992047625722
94500 0.4447364933729439 0.0527124076075520 0.6781433206306686
95000 0.4337631385623671 0.1178658038680738 0.5450418345476580
95500 0.5402403083069611 -0.0208833480261758 0.8049469905845993
96000 0.5314714387345630 0.0810249686651088 0.6709850390773490
96500 0.5354520413076042 -0.1412568648858177 0.9840181420080966
97000 0.3745295673215467 0.0082460802047344 0.3664654349289686
97500 0.3821865965467519 0.1091104784766262 0.4581640033930640
98000 0.5267022777523696 0.1527201697079462 0.7894534462636418
98500 0.5876816238041072 0.2283244250787560 1.0328514151608692
99000 0.6173877482347693 -0.2024918412360871 1.2587434172010992
99500 0.4709809670729330 -0.0002209587114053 0.5469426238490948
