10500 0.4602338107988638 0.1305582374872576 0.6870407446902937
11000 0.3728562474840038 -0.1266170868139673 0.4568318763691896
11500 0.5295832894006550 0.0873202113551812 0.8651411192536684
12000 0.4010657340658987 0.1906321601209337 0.5313461669431359
12500 0.4933201462364715 -0.1274479758011523 0.8005264400665588
13000 0.5232617819231685 -0.0244315320600530 0.7093291226374994
13500 0.3486936203170505 -0.0071138458380874 0.2871754762901882
14000 0.4277042974471478 -0.2203842648194631 0.5885939094390849
14500 0.4349190430430790 -0.1233639183651489 0.5485270083420787
15000 0.5269588789373798 -0.0303253728944539 0.7273369522606002
15500 0.5747460951876292 0.4071111422655263 1.0508087212543888
16000 0.5041741885215332 0.0193079819352817 0.7125565031516943
16500 0.4015657093339940 0.0807054722978706 0.4710354056169955
17000 0.4955277136905073 -0.0027184609126821 0.6749246618820669
17500 0.4895760403977329 -0.0061846326208266 0.6444608864610106
18000 0.4900433155783205 -0.2547448798159371 0.6367652828353321
18500 0.4421362537048223 -0.0198933782394971 0.5924444160344678
19000 0.4887766485463889 0.1091128046774745 0.8262263260293516
19500 0.5588233562837935 0.3468046347671565 0.8514334706296084
20000 0.5625559885714949 -0.0776041605156682 0.8696010622417484
20500 0.4347429334044008 -0.1101288235760984 0.6244144851568263
21000 0.4687861794093231 0.1895783722591361 0.5844931309125262
21500 0.4196609251652634 0.0646682437268580 0.6152792501568030
22000 0.4818714914959060 0.1321159614828286 0.6879964085551781
22500 0.6751994366831875 0.5832344159294236 1.6814579478265153
23000 0.4240544251232162 -0.0927714332209376 0.4555194437129165
23500 0.4833032738063218 -0.0358817858081591 0.7544501462317023
24000 0.5859255762079433 -0.0417325867527180 1.0178350664844633
24500 0.4555972291522866 -0.1724570428564596 0.5736455234827603
25000 0.5423152227968897 -0.1899045279637801 0.8057811553311816
25500 0.5000253800655006 -0.1451488207981852 0.6605983988504608
26000 0.4852589740969397 0.0032556189202541 0.6615121865278604
26500 0.4384005835106450 0.1379305259015963 0.7355137222802219
27000 0.5317071786184941 0.1417382881884545 0.8965963968982902
27500 0.4759297839478002 -0.2014320874864365 0.8325759152129798
28000 0.4246190453223609 0.0755123848851359 0.5428780894281595
28500 0.5413044017902650 0.1608831313608340 0.8492519126335398
29000 0.5058511696479421 -0.0792626344346541 0.7009803655600078
29500 0.5377417100348191 -0.2412666631031246 0.7050113717834392
30000 0.5569420808480785 0.0428483201402333 0.8379100544842065
30500 0.5487558645590281 0.1889086564287163 0.8510658378655855
31000 0.5583351602513232 0.0992096919604370 0.8310452363030588
31500 0.5963937246022762 -0.0807374499144132 0.8455504487936397
32000 0.4557802264828290 0.0354069534460871 0.7400321485541211
32500 0.3650257638913206 0.0647580329732976 0.3257219401537290
33000 0.4990077796790061 0.0502118414349710 0.6725934628589223
33500 0.3892006663258087 0.2392783762496334 0.5943662230274320
34000 0.4916638865997063 -0.0936717928809009 0.7255615322712013
34500 0.4831719114886205 -0.1086550186440703 0.6799508842222487
35000 0.5275460157014887 0.0914826943908189 0.7049558797694320
35500 0.4954548536184425 0.0170191131429502 0.8594234438528652
36000 0.4730382906383679 -0.0196184567473942 0.6353180884613383
36500 0.5449608181837953 0.0187913618122881 0.9051682050358875
37000 0.4624487897685638 0.2464771253555672 0.6750574689940898
37500 0.3419343848716565 -0.0604762095289969 0.2988529213160611
38000 0.3860027128699295 -0.0099882029409242 0.4100761154834429
38500 0.5355872704572415 0.0038954311376634 0.7974960008079611
39000 0.4653757598997780 -0.2237602907307557 0.6489646068020558
39500 0.4719171235252411 -0.0983335774243357 0.6050824454001077
40000 0.4362448578469326 0.1518834852953187 0.5585024325488489
40500 0.3552046379874668 -0.0240377370509620 0.4270080088727777
41000 0.4709500667070032 0.1952091533330383 0.6440728013690006
41500 0.5216702079322899 0.2613614720861757 0.8300366583566174
42000 0.4787112434818364 -0.0681818057361347 0.6582629692126797
42500 0.5414919692904162 0.0590854579752390 0.8014585667303942
43000 0.5229166359925703 -0.2442681182882442 0.7817967300088889
43500 0.3868240537017607 0.0827341536748276 0.4997748417757070
44000 0.4420848511029336 0.0855637761087654 0.5493045093810642
44500 0.5163233348108469 0.2412925025752929 0.8147255133321211
45000 0.5141401237397470 0.0789492981540140 0.7205326883917512
45500 0.5521288420024678 -0.0694478413001485 0.8381652697007749
46000 0.4288288000517212 0.0026178207931271 0.4322420681370013
46500 0.4897706811278409 -0.1902057310085391 0.7745403237270618
47000 0.5650776984814921 0.1290436948704373 1.3551807806411365
47500 0.5638164237884310 0.0088799069686442 1.0548254355611018
48000 0.4660990070094737 0.0188140701884454 0.5172598658115958
48500 0.4045985388377940 -0.0149223608191405 0.5153382444414788
49000 0.4456469069157067 -0.1538899971280913 0.5775017459114737
49500 0.5299689287942239 0.0439767175189199 0.7613945160051250
50000 0.4702602125553560 -0.1132866508857299 0.5831917777182912
50500 0.4047907486483968 0.2797888633403710 0.5421138975216643
51000 0.4224829264114974 -0.0173266718925569 0.4873446674295562
51500 0.4723763713969349 0.2556691953472151 0.7914799949005996
52000 0.4700336106550270 -0.0813360252887825 0.5730793349112691
52500 0.5199202553314622 -0.1336003712099337 0.7834051576558668
53000 0.4657497698105616 0.2026883407806858 0.6445646803261462
53500 0.5754443293836329 -0.0410149440682162 0.9094277914457417
54000 0.4731958735427409 0.2637975285533123 0.6127502517425787
54500 0.3236114293762752 -0.1095247680708142 0.3294761023153568
55000 0.3895259198162276 -0.0682246922976755 0.5482665792890374
55500 0.4766719811587343 0.2427910892611797 0.6584555684629920
56000 0.3584752711600004 -0.1893929433317217 0.4196475139321689
56500 0.4713253732581383 0.0208404046845221 0.6401787650438482
57000 0.4605599668002867 0.2517895064905866 0.6212682040453789
57500 0.4956928299383370 -0.0039648685512660 0.7841900078906028
58000 0.4526213426493459 -0.0212540768749791 0.6566471093082559
58500 0.4971016399728796 -0.1630955027259061 0.8158937053430662
59000 0.6321702162842587 0.1831560198826057 1.2014285160421689
59500 0.4473754907389669 0.1306921629270066 0.4968302288428195
60000 0.4511845961584385 0.0772076948268565 0.6351702229154148
60500 0.5216986188614416 -0.3933947987803184 0.7185598304884597
61000 0.4752560549261732 -0.0179235182718409 0.7547105750530316
61500 0.4117197739591308 0.2164322249439746 0.5318103910954138
62000 0.6825916826690178 -0.3058522146098160 1.3516940201774719
62500 0.4851821009623948 0.2873043695570220 0.7286152017468807
63000 0.3780586812927096 -0.1831895776958922 0.5892961216839718
63500 0.4940212533170535 -0.0354931485436742 0.7062234587036644
64000 0.4706111619210497 -0.0347934762974446 0.7005524547047773
64500 0.5020023426127934 -0.0370147597770588 0.7478846196217659
65000 0.4922292914803943 0.2084504309427078 0.7790199032133177
65500 0.3543229031187557 0.1046017055098260 0.3638693698753306
66000 0.4741965083785687 0.0113268867248616 0.7547212484983266
66500 0.4972931227783277 0.0243667531599932 0.6049157790325479
67000 0.4769358823992072 0.1126252070039640 0.7552617567414600
67500 0.5596123575346235 -0.2916505712041460 1.0361735531010594
68000 0.4942836272231924 0.1068248195223971 0.8160519377457395
68500 0.4081991203915197 -0.1275078869383008 0.4718470335984498
69000 0.4837487806608534 -0.1695164415247759 0.8659649656596272
69500 0.5538075602807797 -0.1425908248095714 0.8010872530889211
70000 0.4318010538568714 -0.1238951936038906 0.5184835179247141
70500 0.4637531982172996 0.1998287230397821 0.5243866503889901
71000 0.4785520026198846 -0.2342892734662944 0.7992380924331617
71500 0.4398775668073049 -0.0806534930908542 0.6597989133525598
72000 0.4594512827564528 -0.0308837988971797 0.4882967834937104
72500 0.5457174336960026 0.0621988122627191 0.7599726858586496
73000 0.6181181144937261 0.0574034608209457 1.1039028733722296
73500 0.5327904133501726 -0.1607671877370921 0.7312756176988477
74000 0.4082065378245774 0.0287395947059712 0.4741072345171820
74500 0.3721659956737824 -0.0146986627673432 0.4243813069880122
75000 0.3940933753007511 0.0256061004164701 0.4252920983316476
75500 0.4496827938944055 -0.2866637552749621 0.5983905155207785
76000 0.4378320920985730 0.0905081924323973 0.4753246598720106
76500 0.4131088071347024 0.0261619140332085 0.5215476905582964
77000 0.6645755890537508 -0.1434017604245234 1.0616379554709532
77500 0.4855597985081911 -0.2329760607391846 0.6940120153831640
78000 0.5275889153395077 0.0536705336841515 0.7999144218833907
78500 0.4497536198392953 0.0120038526715933 0.6568811118229916
79000 0.5616747454691419 0.0900426252575508 0.8524548084721494
79500 0.5975220283928300 -0.1587390102356332 0.9286265708305278
80000 0.4955387176059275 0.1827038815312578 0.6040634006757868
80500 0.4189817077793226 0.0146662908475896 0.5301018258527814
81000 0.4824251237954493 0.0556178386612269 0.5589649510236476
81500 0.4102095367938257 -0.0033783839817539 0.4427027701075030
82000 0.4092019191674385 -0.0879569217209315 0.4723363853198975
82500 0.6176786474955559 -0.4222767347755210 1.3633505594514674
83000 0.4665083618857640 0.0299404532147343 0.5904347262861906
83500 0.5094184029633798 -0.1202771234911224 0.8021987920886875
84000 0.3721798726891717 -0.0533472726198788 0.4638293156911060
84500 0.4605619725729022 -0.1258476897890945 0.6752106271355841
85000 0.4222421482026009 -0.1256935534376104 0.5165670671106585
85500 0.4810791679543441 0.0290827761723143 0.6525146224858530
86000 0.4734463843006804 0.1448911625770093 0.8734523755852490
86500 0.5716138624993911 0.0676910013478556 0.9063083012731964
87000 0.4744002018031248 -0.0299266083842451 0.6912683422613388
87500 0.5108812702069198 -0.0238334022333644 0.8054530914992722
88000 0.5412854742716643 0.0743181368862696 0.7594162342286380
88500 0.6350542654976722 -0.2011927781737542 1.0568720233273285
89000 0.4263816435618052 -0.1750334155803904 0.6278757524443148
89500 0.5286977048304906 -0.0914178325698517 0.8516689000828924
90000 0.6049495680413978 0.0424863617709742 0.8627027231503505
90500 0.3744796758755617 0.0779094233591423 0.4416850699729610
91000 0.4905077658380214 -0.1530783215463624 0.9262464494162929
91500 0.5455541583067692 -0.1135049728625350 0.8903138193934522
92000 0.4422190294047268 -0.0859132942205355 0.5608088105232487
92500 0.4958674743422899 -0.2880889962949622 0.7737496790062453
93000 0.5048082536762043 0.1303704968929210 0.8126808988732285
93500 0.5177082695285268 0.3662319801064236 0.7474780089014763
94000 0.4530348780145025 -0.0801230621829613 0.6322990801686319
94500 0.4238386827912120 -0.0782371367544473 0.5069019465770634
95000 0.5657091956096788 0.3214692542472312 1.0395897367433542
95500 0.5216020590500494 -0.0485647376316817 0.7701091243134226
96000 0.4386599042556278 0.2564094781416584 0.6654795089866827
96500 0.5260139042090463 -0.2692050623808727 0.9065636557331668
97000 0.4089254829141282 -0.0299367166133945 0.5409013742498454
97500 0.4705531535762847 0.0801955699173947 0.7513428802793470
98000 0.4932577242609201 -0.1207568669587207 0.7065628574211443
98500 0.3465157611900254 -0.0694229791382494 0.3406522002586492
99000 0.4751945520703914 -0.1318942583709639 0.6446192798085703
99500 0.4595400246418305 0.1241424939729447 0.6511749446864252
